  -0.419782     0.28483    -1.28791   -0.272599   -0.144217    0.413672   -0.120013    0.140214   -0.982843   -0.666608      -1.459    0.441052    -1.07556           1
  -0.417339   -0.487722   -0.593381   -0.272599   -0.740262    0.194274    0.367166     0.55716   -0.867883   -0.987329   -0.303094    0.441052   -0.492439           1
  -0.417342   -0.487722   -0.593381   -0.272599   -0.740262     1.28271   -0.265812     0.55716   -0.867883   -0.987329   -0.303094    0.396427    -1.20873           1
   -0.41675   -0.487722    -1.30688   -0.272599   -0.835284      1.0163   -0.809889     1.07774   -0.752922    -1.10612    0.113032    0.416163    -1.36152           1
  -0.412482   -0.487722    -1.30688   -0.272599   -0.835284     1.22858    -0.51118     1.07774   -0.752922    -1.10612    0.113032    0.441052     -1.0265           1
  -0.417044   -0.487722    -1.30688   -0.272599   -0.835284    0.207096   -0.351157     1.07774   -0.752922    -1.10612    0.113032    0.410571    -1.04332           1
  -0.410243   0.0487722   -0.476654   -0.272599   -0.265154   -0.388411  -0.0702286    0.839244   -0.523001   -0.577519    -1.50524    0.426798  -0.0312676           1
  -0.403696   0.0487722   -0.476654   -0.272599   -0.265154   -0.160466    0.978808     1.02464   -0.523001   -0.577519    -1.50524    0.441052      0.9107           1
  -0.395935   0.0487722   -0.476654   -0.272599   -0.265154   -0.931206     1.11749      1.0872   -0.523001   -0.577519    -1.50524    0.328448     2.42177           1
  -0.400729   0.0487722   -0.476654   -0.272599   -0.265154   -0.399808     0.61609     1.32963   -0.523001   -0.577519    -1.50524    0.329325    0.623344           1
  -0.394346   0.0487722   -0.476654   -0.272599   -0.265154    0.131589    0.914799     1.21298   -0.523001   -0.577519    -1.50524    0.393028     1.09293           1
  -0.406847   0.0487722   -0.476654   -0.272599   -0.265154   -0.392685    0.509409     1.15593   -0.523001   -0.577519    -1.50524    0.441052   0.0864784           1
  -0.409604   0.0487722   -0.476654   -0.272599   -0.265154   -0.563644     -1.0517    0.787143   -0.523001   -0.577519    -1.50524     0.37088    0.428502           1
   -0.34723   -0.487722   -0.437258   -0.272599   -0.144217   -0.478164   -0.240919    0.433754   -0.637962   -0.601276     1.17647    0.441052   -0.615792           1
  -0.346276   -0.487722   -0.437258   -0.272599   -0.144217    -0.26874    0.566306    0.317003   -0.637962   -0.601276     1.17647    0.255974   -0.335445           1
  -0.347506   -0.487722   -0.437258   -0.272599   -0.144217      -0.642    -0.42939    0.334449   -0.637962   -0.601276     1.17647    0.427018   -0.586356           1
  -0.297868   -0.487722   -0.437258   -0.272599   -0.144217    -0.49811    -1.39664    0.334449   -0.637962   -0.601276     1.17647     0.33086   -0.851284           1
  -0.329258   -0.487722   -0.437258   -0.272599   -0.144217   -0.419753    0.466736    0.220028   -0.637962   -0.601276     1.17647    0.329764    0.282722           1
  -0.327103   -0.487722   -0.437258   -0.272599   -0.144217    -1.18052    -1.13705 0.000692761   -0.637962   -0.601276     1.17647   -0.742112   -0.134996           1
  -0.336054   -0.487722   -0.437258   -0.272599   -0.144217   -0.794439    0.032897 0.000692761   -0.637962   -0.601276     1.17647    0.375814   -0.192467           1
  -0.274843   -0.487722   -0.437258   -0.272599   -0.144217    -1.01811     1.04993  0.00135828   -0.637962   -0.601276     1.17647    0.218147     1.17283           1
  -0.321363   -0.487722   -0.437258   -0.272599   -0.144217    -0.45537     0.73344    0.103277   -0.637962   -0.601276     1.17647    0.393138    0.164976           1
  -0.277091   -0.487722   -0.437258   -0.272599   -0.144217   -0.203205    0.822342   0.0864494   -0.637962   -0.601276     1.17647    0.441052    0.850425           1
  -0.305491   -0.487722   -0.437258   -0.272599   -0.144217   -0.671918     1.11749    0.142686   -0.637962   -0.601276     1.17647    0.415176     1.01303           1
  -0.333207   -0.487722   -0.437258   -0.272599   -0.144217   -0.513781    0.907687    0.287388   -0.637962   -0.601276     1.17647    0.412874    0.511205           1
  -0.322701   -0.487722   -0.437258   -0.272599   -0.144217   -0.976795    0.608978    0.313533   -0.637962   -0.601276     1.17647   -0.583896    0.540641           1
  -0.342325   -0.487722   -0.437258   -0.272599   -0.144217   -0.671918    0.772557    0.421632   -0.637962   -0.601276     1.17647    0.221545    0.302346           1
  -0.309291   -0.487722   -0.437258   -0.272599   -0.144217   -0.338548    0.719216    0.312963   -0.637962   -0.601276     1.17647   -0.551442    0.648575           1
  -0.330562   -0.487722   -0.437258   -0.272599   -0.144217    0.299699    0.918355    0.313581   -0.637962   -0.601276     1.17647    0.342811   0.0205967           1
  -0.303859   -0.487722   -0.437258   -0.272599   -0.144217    0.554713    0.665875    0.211044   -0.637962   -0.601276     1.17647    0.258276  -0.0943458           1
  -0.288921   -0.487722   -0.437258   -0.272599   -0.144217   -0.814384    0.907687    0.208191   -0.637962   -0.601276     1.17647   0.0383311      1.3943           1
  -0.262864   -0.487722   -0.437258   -0.272599   -0.144217   -0.302931     1.11749     0.18062   -0.637962   -0.601276     1.17647    0.219901   0.0542384           1
  -0.258993   -0.487722   -0.437258   -0.272599   -0.144217    -0.47674    0.477404   0.0926767   -0.637962   -0.601276     1.17647    -1.36039     2.11059           1
  -0.286488   -0.487722   -0.437258   -0.272599   -0.144217    -0.83148    0.939692 -0.00372817   -0.637962   -0.601276     1.17647   0.0229809    0.798561           1
  -0.232828   -0.487722   -0.437258   -0.272599   -0.144217    -0.26874     1.00726  -0.0167533   -0.637962   -0.601276     1.17647    -1.18814     1.07751           1
   -0.41305   -0.487722    -0.75534   -0.272599   -0.481112   -0.500959  -0.0133317   -0.206663   -0.523001   -0.767576    0.344213    0.441052   -0.416746           1
  -0.409178   -0.487722    -0.75534   -0.272599   -0.481112   -0.632028   -0.255144   -0.198297   -0.523001   -0.767576    0.344213    0.229001   -0.174245           1
  -0.411191   -0.487722    -0.75534   -0.272599   -0.481112   -0.619206   -0.962799   0.0661511   -0.523001   -0.767576    0.344213    0.441052   -0.544304           1
  -0.400146   -0.487722    -0.75534   -0.272599   -0.481112   -0.453945    -1.36463   0.0248415   -0.523001   -0.767576    0.344213    0.403006   -0.353667           1
  -0.417302     2.73125    -1.19453   -0.272599    -1.09443    0.442165    -1.66334     0.76347   -0.752922   -0.927937  -0.0719129    0.427127    -1.16808           1
  -0.416608     2.73125    -1.19453   -0.272599    -1.09443     1.05334    -1.87671     0.76347   -0.752922   -0.927937  -0.0719129    0.427018    -1.49608           1
  -0.405687   -0.487722   -0.616727   -0.272599   -0.921667     0.69148    -2.33544    0.915493   -0.752922    -1.04078   -0.256858    0.315071    -1.09519           1
  -0.404051   -0.487722   -0.616727   -0.272599   -0.921667    -0.16474    -2.20386    0.915493   -0.752922    -1.04078   -0.256858    0.292704   -0.959218           1
  -0.401972   -0.487722   -0.616727   -0.272599   -0.921667   -0.104904    -2.20742    0.915493   -0.752922    -1.04078   -0.256858    0.414299   -0.730735           1
   -0.40624   -0.487722   -0.616727   -0.272599   -0.921667   -0.307205    -1.01614    0.915493   -0.752922    -1.04078   -0.256858     0.35871   -0.434968           1
  -0.400569   -0.487722   -0.616727   -0.272599   -0.921667   -0.858548    -1.23662    0.620527   -0.752922    -1.04078   -0.256858    0.441052   -0.342453           1
  -0.398597   -0.487722   -0.616727   -0.272599   -0.921667   -0.710384     -1.2544    0.620527   -0.752922    -1.04078   -0.256858    0.441052    0.209831           1
  -0.393837   -0.487722   -0.616727   -0.272599   -0.921667   -0.362767    0.601866    0.900519   -0.752922    -1.04078   -0.256858     0.39544    0.861639           1
  -0.390974   -0.487722   -0.616727   -0.272599   -0.921667    -1.26173     0.95036    0.986371   -0.752922    -1.04078   -0.256858    0.441052     2.54513           1
  -0.394942   -0.487722   -0.616727   -0.272599   -0.921667   -0.972521   -0.233807     1.08986   -0.752922    -1.04078   -0.256858    0.441052    0.497188           1
  -0.410192    0.413589   -0.802031   -0.272599   -0.999412   -0.458219   -0.813445     1.43545   -0.637962    -0.98139   -0.765457     0.42636     0.11171           1
   -0.41547    0.413589   -0.802031   -0.272599   -0.999412   -0.241671   -0.198247     1.43545   -0.637962    -0.98139   -0.765457    0.408926   -0.451789           1
   -0.41428    0.413589   -0.802031   -0.272599   -0.999412    0.322494    -1.68823     1.43545   -0.637962    -0.98139   -0.765457    0.441052    -1.03351           1
  -0.414721    0.413589   -0.802031   -0.272599   -0.999412   -0.408356    -1.67757     1.43545   -0.637962    -0.98139   -0.765457    0.441052   -0.591963           1
  -0.418935     2.73125    -1.04132   -0.272599    -1.24992   -0.565069   -0.745879     1.67551   -0.752922    0.360888      1.2227    0.441052    0.300944           1
  -0.418992     3.37504    -1.44695   -0.272599    -1.31039     1.37389    -1.65979     2.33005   -0.523001    -1.08236   -0.256858    0.430417    -1.09939           1
  -0.418126     3.16044    -1.51699   -0.272599    -1.24992    0.140137    -1.16905     2.56346   -0.867883    -0.56564   -0.534275    0.441052   -0.964825           1
  -0.418851     3.80423    -1.43236   -0.272599    -1.24129    0.757015    -0.99836     2.15331   -0.523001    -0.90418    -1.55147    0.397194    -1.21994           1
  -0.402544    0.585267   -0.876445   -0.272599   -0.878475   -0.198931    -1.40019     1.91087    -0.17812    -0.73788    0.575395    0.372854   -0.812036           1
  -0.408498    0.585267   -0.876445   -0.272599   -0.878475   -0.509507   -0.760104     1.49121    -0.17812    -0.73788    0.575395    0.441052   -0.481225           1
  -0.403141    0.585267   -0.876445   -0.272599   -0.878475   -0.774493  -0.0844528     1.63069    -0.17812    -0.73788    0.575395    0.421426   0.0696575           1
  -0.400535    0.585267   -0.876445   -0.272599   -0.878475   -0.453945    0.882795     1.43726    -0.17812    -0.73788    0.575395    0.234703    0.250482           1
  -0.407685    0.585267   -0.876445   -0.272599   -0.878475    0.244138  -0.0275559     1.63073    -0.17812    -0.73788    0.575395    0.441052   -0.830258           1
  -0.405796    0.585267   -0.876445   -0.272599   -0.878475    0.680083   -0.895234     1.98983    -0.17812    -0.73788    0.575395    0.426579   -0.441977           1
  -0.418247     0.26337    -1.42361   -0.272599    -1.19723     1.16732   -0.322709     2.58024   -0.752922    -1.14175   0.0667958    0.400922   -0.645229           1
  -0.416347     2.94584    -1.13325   -0.272599    -1.35358  0.00764417    -1.80558     1.33886   -0.637962   -0.423098    -1.08911    0.441052    -1.11902           1
  -0.415421     2.94584    -1.13325   -0.272599    -1.35358   -0.708959    -1.33263     1.33886   -0.637962   -0.423098    -1.08911    0.441052   -0.338248           1
  -0.413781   0.0487722    -0.73929   -0.272599    -1.25856   -0.579315    -1.67757      1.2849   -0.637962   -0.375583    0.205505    0.433487    -0.63822           1
  -0.404744   0.0487722    -0.73929   -0.272599    -1.25856   -0.983918    -1.12993      1.2849   -0.637962   -0.375583    0.205505    0.441052   0.0612471           1
  -0.405603   0.0487722    -0.73929   -0.272599    -1.25856   -0.569343    -1.26506      1.2849   -0.637962   -0.375583    0.205505    0.441052     -0.5415           1
  -0.410246   -0.487722  -0.0476801   -0.272599    -1.22401    0.188576    -2.20386    0.709373   -0.637962   -0.613155    0.344213    0.296651    -0.83166           1
  -0.402042   -0.487722  -0.0476801   -0.272599    -1.22401   -0.461069    -1.81625    0.709373   -0.637962   -0.613155    0.344213    0.222203   -0.388711           1
  -0.409853   -0.487722  -0.0476801   -0.272599    -1.22401   -0.312904    -2.16119    0.709373   -0.637962   -0.613155    0.344213    0.375375   -0.999868           1
  -0.397779   -0.487722  -0.0476801   -0.272599    -1.22401  -0.0564655    -2.21809    0.709373   -0.637962   -0.613155    0.344213    0.224725   -0.716717           1
  -0.411329   -0.487722    0.247057   -0.272599    -1.01669   -0.016575     -2.2252    0.216986   -0.523001  -0.0608014    0.113032    0.419343   -0.823249           1
  -0.409448   -0.487722    0.247057   -0.272599    -1.01669  0.00194553   -0.838337    0.336351   -0.523001  -0.0608014    0.113032    0.291169   -0.520474           1
  -0.408702   -0.487722    0.247057   -0.272599    -1.01669 -0.00802708      0.2107    0.122245   -0.523001  -0.0608014    0.113032     0.18624  -0.0957476           1
  -0.410385   -0.487722    0.247057   -0.272599    -1.01669   -0.206055   -0.809889    0.140451   -0.523001  -0.0608014    0.113032    0.332066   -0.334043           1
  -0.413947   -0.487722    0.247057   -0.272599    -1.01669   -0.074986    -0.52896    0.579502   -0.523001  -0.0608014    0.113032    0.325926  -0.0438833           1
  -0.410757   -0.487722    0.247057   -0.272599    -1.01669   -0.585014    -1.13705    0.336351   -0.523001  -0.0608014    0.113032    0.431842   -0.498046           1
  -0.415731    0.585267   -0.915841   -0.272599    -1.11171     0.63022    -1.24728     0.76328   -0.637962   -0.755697    0.251741    0.441052    -1.03211           1
  -0.415325    0.585267   -0.915841   -0.272599    -1.11171    0.476357   0.0649016     0.76328   -0.637962   -0.755697    0.251741    0.427127   -0.761573           1
  -0.416259    0.585267   -0.915841   -0.272599    -1.11171   0.0247401    -1.29351     0.76328   -0.637962   -0.755697    0.251741    0.441052    -0.83166           1
  -0.416385    0.585267   -0.915841   -0.272599    -1.11171   -0.167589   -0.777884     0.76328   -0.637962   -0.755697    0.251741    0.372415   -0.720923           1
   -0.41463   -0.487722   -0.969827   -0.272599   -0.913029    0.148685   -0.731655    0.467933   -0.752922   -0.957633   0.0205596    0.441052   -0.425156           1
  -0.413843   -0.487722   -0.969827   -0.272599   -0.913029    0.492028   -0.443615    0.305499   -0.752922   -0.957633   0.0205596    0.390616   -0.858293           1
   -0.41448   -0.487722   -0.969827   -0.272599   -0.913029   -0.384137   -0.834781    0.300508   -0.752922   -0.957633   0.0205596    0.431074   0.0290071           1
  -0.412196   -0.487722   -0.969827   -0.272599   -0.913029   -0.233123   -0.418722  -0.0225528   -0.752922   -0.957633   0.0205596    0.421864   -0.590561           1
  -0.413931   -0.487722    -1.12741   -0.272599   -0.567496     1.02912    0.630315   -0.177476   -0.867883    -0.82103   -0.303094    0.441052    -1.00267           1
  -0.414347   -0.487722    -1.12741   -0.272599   -0.567496      1.1317   -0.194691   -0.180898   -0.867883    -0.82103   -0.303094    0.431842   -0.974637           1
  -0.415066   -0.487722    -1.12741   -0.272599   -0.567496    0.188576  -0.0880089   -0.334062   -0.867883    -0.82103   -0.303094      0.3893   -0.538697           1
  -0.415942   -0.487722    -1.12741   -0.272599   -0.567496     0.17148    0.189364   -0.334157   -0.867883    -0.82103   -0.303094    0.404321   -0.624203           1
  -0.415626    0.714026    0.569516   -0.272599   -0.783454    0.224192   -0.532516  -0.0613904   -0.637962    -0.82103   -0.118149    0.420329    -0.62981           1
  -0.417172    0.714026    0.569516   -0.272599   -0.783454   -0.104904    -1.41086  -0.0613904   -0.637962    -0.82103   -0.118149    0.434802   -0.903149           1
   -0.41552    0.714026    0.569516   -0.272599   -0.783454  -0.0507668     0.31027  -0.0855867   -0.637962    -0.82103   -0.118149    0.441052   -0.289187           1
  -0.406315   -0.487722    -1.20328   -0.272599   -0.947582    0.484905   -0.383162   -0.142536   -0.867883   -0.785394   -0.210622   0.0143191   -0.841472           1
   -0.40713   -0.487722    -1.20328   -0.272599   -0.947582   -0.173287   0.0364531   -0.142536   -0.867883   -0.785394   -0.210622    0.385463   -0.184057           1
  -0.406456   -0.487722    -1.20328   -0.272599   -0.947582     2.54211    0.264041   -0.142536   -0.867883   -0.785394   -0.210622    0.441052     -1.1835           1
   -0.41099   -0.487722    -1.20328   -0.272599   -0.947582     2.18737    -1.12638   -0.142536   -0.867883   -0.785394   -0.210622    0.404102    -1.27321           1
  -0.412534   -0.487722    -1.20328   -0.272599   -0.947582     1.61181   -0.216027   -0.142536   -0.867883   -0.785394   -0.210622    0.441052   -0.905952           1
  -0.403217   -0.487722   -0.375976   -0.272599   -0.299707     0.63022    0.402727   -0.483566   -0.523001   -0.143951     1.13023    0.417588   -0.453191           1
  -0.407214   -0.487722   -0.375976   -0.272599   -0.299707    0.707152   0.0969061   -0.446344   -0.523001   -0.143951     1.13023    0.426579   -0.698495           1
  -0.393896   -0.487722   -0.375976   -0.272599   -0.299707     0.17148     0.59831   -0.513562   -0.523001   -0.143951     1.13023    -3.13443    -0.28358           1
  -0.395892   -0.487722   -0.375976   -0.272599   -0.299707   -0.210329    0.669431   -0.513562   -0.523001   -0.143951     1.13023    0.414409    0.110308           1
  -0.404272   -0.487722   -0.375976   -0.272599   -0.299707   -0.167589    0.761889   -0.653177   -0.523001   -0.143951     1.13023    0.394892   -0.045285           1
  -0.405084   -0.487722   -0.375976   -0.272599   -0.299707   -0.617781     1.00014   -0.802491   -0.523001   -0.143951     1.13023    0.409804    0.535034           1
  -0.400594   -0.487722   -0.375976   -0.272599   -0.299707   -0.639151    0.829454   -0.753005   -0.523001   -0.143951     1.13023    0.427566    0.842015           1
  -0.405253   -0.487722   -0.375976   -0.272599   -0.299707   -0.224575    0.591198   -0.795123   -0.523001   -0.143951     1.13023     0.34007    0.201421           1
  -0.405619   -0.487722   -0.375976   -0.272599   -0.299707    0.269781     1.01437   -0.647521   -0.523001   -0.143951     1.13023    0.422851  -0.0536954           1
  -0.389838   -0.487722   -0.375976   -0.272599   -0.299707    -0.07926    0.804561   -0.594184   -0.523001   -0.143951     1.13023    0.378884    0.406075           1
  -0.407957   -0.487722   -0.375976   -0.272599   -0.299707   -0.127698   -0.504068   -0.483566   -0.523001   -0.143951     1.13023    0.403663   0.0486314           1
  -0.408782   -0.487722   -0.164408   -0.272599  -0.0664725    0.613124     0.46318   -0.531245   -0.408041    0.141134   -0.303094    0.426689   -0.349462           1
   -0.40617   -0.487722   -0.164408   -0.272599  -0.0664725   -0.529452    0.865014   -0.685312   -0.408041    0.141134   -0.303094    0.419671    0.498589           1
  -0.394669   -0.487722   -0.164408   -0.272599  -0.0664725   -0.274438    0.953916   -0.592806   -0.408041    0.141134   -0.303094    0.441052    0.621942           1
  -0.403956   -0.487722   -0.164408   -0.272599  -0.0664725  -0.0436435    0.555637   -0.731376   -0.408041    0.141134   -0.303094    0.351583   -0.308812           1
  -0.400578   -0.487722   -0.164408   -0.272599  -0.0664725   -0.508082     0.69788   -0.633164   -0.408041    0.141134   -0.303094   -0.128985    0.435511           1
  -0.405205   -0.487722   -0.164408   -0.272599  -0.0664725   -0.154767    0.139579   -0.506241   -0.408041    0.141134   -0.303094     0.40158  -0.0859354           1
  -0.402947   -0.487722   -0.164408   -0.272599  -0.0664725   -0.375589    0.498741   -0.498017   -0.408041    0.141134   -0.303094    0.414847   -0.329838           1
  -0.405321   -0.487722   -0.164408   -0.272599  -0.0664725   -0.587863    0.160915   -0.626319   -0.408041    0.141134   -0.303094   -0.197841    0.380843           1
  -0.403671   -0.487722   -0.164408   -0.272599  -0.0664725    -0.78874   -0.120013   -0.492408   -0.408041    0.141134   -0.303094    0.381844    0.134137           1
  -0.412489   -0.487722     2.11761   -0.272599    0.227231   -0.590712   0.0400092   -0.730805   -0.867883    -1.30805    0.297977    0.356078     0.24067           1
  -0.412179   -0.487722     2.11761   -0.272599    0.227231   -0.399808    0.552081    -0.75947   -0.867883    -1.30805    0.297977    0.230207    0.226652           1
  -0.409696   -0.487722     2.11761   -0.272599    0.227231   -0.461069    0.865014   -0.811998   -0.867883    -1.30805    0.297977    0.234812    0.739688           1
  -0.403017   -0.487722     2.11761   -0.272599    0.227231   -0.610658     1.01081   -0.879738   -0.867883    -1.30805    0.297977     0.14951     1.78819           1
  -0.409056   -0.487722     2.11761   -0.272599    0.227231   -0.577891     0.96814   -0.850313   -0.867883    -1.30805    0.297977    0.248956    0.690627           1
  -0.400848   -0.487722     2.11761   -0.272599    0.227231   -0.425452    0.704992   -0.856683   -0.867883    -1.30805    0.297977    0.310795    0.302346           1
   -0.37544   -0.487722     2.11761   -0.272599    0.227231    -0.95685    0.961028   -0.968728   -0.867883    -1.30805    0.297977   0.0286824     2.04751           1
  -0.390359   -0.487722       1.569   -0.272599    0.598679   -0.842877    0.975252   -0.953944   -0.637962    0.170831     1.26894    0.388533     0.63596           1
  -0.382646   -0.487722       1.569   -0.272599    0.598679    0.208521     1.07482    -0.94244   -0.637962    0.170831     1.26894    0.441052    0.383647           1
  -0.317964   -0.487722       1.569   -0.272599    0.598679   -0.922658    0.929023   -0.862863   -0.637962    0.170831     1.26894    0.441052    0.797159           1
  -0.380944   -0.487722       1.569   -0.272599    0.598679    0.246987     1.07838   -0.796977   -0.637962    0.170831     1.26894    0.420658 -0.00743808           1
  -0.281691   -0.487722       1.569   -0.272599    0.598679   0.0589319     1.03571   -0.724483   -0.637962    0.170831     1.26894    0.441052  -0.0550972           1
  -0.351851   -0.487722       1.569   -0.272599    0.598679    0.124466     1.04282   -0.697672   -0.637962    0.170831     1.26894    0.318909   -0.214895           1
  -0.382135   -0.487722       1.569   -0.272599    0.598679   -0.659096    0.953916   -0.629932   -0.637962    0.170831     1.26894    0.351035    0.333184           1
  -0.306917   -0.487722       1.569   -0.272599    0.598679   -0.751699      1.0606    -0.68883   -0.637962    0.170831     1.26894    -1.02971     0.65278           1
  -0.355607   -0.487722       1.569   -0.272599    0.598679   0.0717538     1.05349   -0.800685   -0.637962    0.170831     1.26894    0.416601     0.60372           1
  -0.382971   -0.487722       1.569   -0.272599    0.598679   -0.488137    0.886351   -0.869043   -0.637962    0.170831     1.26894    0.236567    0.595309           1
  -0.379516   -0.487722       1.569   -0.272599    0.598679    0.241288      1.0606   -0.924708   -0.637962    0.170831     1.26894    0.410132    0.271508           1
  -0.391447   -0.487722       1.569   -0.272599    0.598679   -0.609233     1.05349    -1.01085   -0.637962    0.170831     1.26894    0.387765     1.21488           1
   -0.35715   -0.487722       1.569   -0.272599    0.598679   -0.190383     1.04282     -1.0108   -0.637962    0.170831     1.26894    0.441052     0.81398           1
  -0.386664   -0.487722       1.569   -0.272599    0.598679   -0.157616    0.889907     -1.0378   -0.637962    0.170831     1.26894    0.344346     1.61297           1
  -0.230987   -0.487722       1.569   -0.272599    0.598679     -1.8031     1.11749     -1.1198   -0.637962    0.170831     1.26894    0.441052     3.04975           1
 -0.0340361   -0.487722     1.23194      3.6684     2.73235    -1.25603     1.11749     -1.1758   -0.523001  -0.0311049    -1.73642    0.441052     1.98583           1
  0.0563103   -0.487722     1.23194   -0.272599     2.73235    -1.16343     1.11749    -1.13292   -0.523001  -0.0311049    -1.73642    0.441052     1.92976           1
 -0.0970301   -0.487722     1.23194   -0.272599     2.73235    -1.96836     1.03926    -1.16425   -0.523001  -0.0311049    -1.73642    0.441052     2.33206           1
  -0.143626   -0.487722     1.23194   -0.272599     2.73235   -0.220301     1.11749    -1.12945   -0.523001  -0.0311049    -1.73642    -2.01485      2.1232           1
  -0.169727   -0.487722     1.23194   -0.272599     2.73235    -0.93548     1.11749     -1.0831   -0.523001  -0.0311049    -1.73642    -2.05476    0.560266           1
  -0.144873   -0.487722     1.23194   -0.272599     2.73235    -1.93559    0.964584    -1.10963   -0.523001  -0.0311049    -1.73642    0.384147      2.3657           1
  -0.149253   -0.487722     1.23194   -0.272599     2.73235    -1.56518    0.897019    -1.07692   -0.523001  -0.0311049    -1.73642  0.00346439     2.19609           1
  -0.102356   -0.487722     1.23194   -0.272599     2.73235   -0.979644    0.936136    -1.07878   -0.523001  -0.0311049    -1.73642  -0.0528924      1.2331           1
  -0.227734   -0.487722     1.23194   -0.272599     2.73235   -0.231698     1.02148     -1.0349   -0.523001  -0.0311049    -1.73642    0.176811    0.202823           1
  -0.246386   -0.487722     1.23194   -0.272599     2.73235     -1.2546     1.11749    -1.04745   -0.523001  -0.0311049    -1.73642   -0.165277   0.0878801           1
  -0.289414   -0.487722     1.23194      3.6684     2.73235    -1.81307    0.690768    -1.03861   -0.523001  -0.0311049    -1.73642   -0.146857  -0.0747215           1
   -0.17041   -0.487722     1.23194   -0.272599     2.73235   -0.820083     1.06415    -1.03243   -0.523001  -0.0311049    -1.73642    -1.03859    0.439716           1
  -0.255983   -0.487722     1.23194      3.6684     2.73235   -0.221726    0.975252   -0.972435   -0.523001  -0.0311049    -1.73642   -0.390924      0.3458           1
-0.00913688   -0.487722     1.23194      3.6684     2.73235   -0.188959    0.498741   -0.974289   -0.523001  -0.0311049    -1.73642    -2.94573    0.331782           1
  -0.135789   -0.487722     1.23194   -0.272599     2.73235    -1.44266    0.904131   -0.978615   -0.523001  -0.0311049    -1.73642    -2.93893    0.488777           1
  -0.278125   -0.487722     1.23194   -0.272599    0.434551    0.937946     1.02504   -0.911636   -0.523001  -0.0311049    -1.73642   0.0740749    -1.13023           1
  -0.264247   -0.487722     1.23194   -0.272599    0.434551   -0.311479     1.11749    -0.96868   -0.523001  -0.0311049    -1.73642  -0.0305251    -0.87231           1
  -0.254683   -0.487722     1.23194   -0.272599     2.73235    0.321069     1.11749   -0.964592   -0.523001  -0.0311049    -1.73642   0.0837235   -0.737743           1
  -0.272321   -0.487722     1.23194      3.6684    0.434551  -0.0493422    0.854346   -0.949142   -0.523001  -0.0311049    -1.73642   -0.194662    -1.00267           1
  -0.250221   -0.487722     1.23194   -0.272599    0.434551     1.71581    0.790337   -0.867141   -0.523001  -0.0311049    -1.73642    0.194683    -1.53113           1
  -0.207116   -0.487722     1.23194      3.6684    0.434551     2.16173     1.05349    -0.83396   -0.523001  -0.0311049    -1.73642    0.361122    -1.50449           1
  -0.243744   -0.487722     1.23194      3.6684    0.434551     2.97806    0.900575   -0.776298   -0.523001  -0.0311049    -1.73642    0.348403    -1.30825           1
  -0.159567   -0.487722     1.23194   -0.272599    0.434551   -0.613507    0.825898   -0.652702   -0.523001  -0.0311049    -1.73642    0.421426   -0.142005           1
 -0.0802421   -0.487722     1.23194   -0.272599    0.434551   -0.261616     0.86857   -0.718588   -0.523001  -0.0311049    -1.73642     -1.2775   -0.398523           1
  -0.186585   -0.487722     1.23194   -0.272599    0.434551     2.34266    0.982364   -0.831488   -0.523001  -0.0311049    -1.73642    0.138436    -1.25498           1
  -0.211013   -0.487722     1.23194   -0.272599    0.434551    -0.58074    0.377835   -0.650848   -0.523001  -0.0311049    -1.73642     -1.4151   -0.071918           1
  -0.152812   -0.487722     1.23194   -0.272599    0.434551   0.0489593    0.978808   -0.805771   -0.523001  -0.0311049    -1.73642   -0.653301   -0.217699           1
  -0.135458   -0.487722     1.23194   -0.272599    0.434551    0.167206    0.946804   -0.728523   -0.523001  -0.0311049    -1.73642   -0.292025   -0.186861           1
  -0.280006   -0.487722     1.23194   -0.272599    0.434551   -0.583589    0.925467   -0.650848   -0.523001  -0.0311049    -1.73642    -0.70593     0.24908           1
  -0.151241   -0.487722     1.23194   -0.272599    0.434551   -0.576466     1.02148   -0.668532   -0.523001  -0.0311049    -1.73642  -0.0936798  -0.0873371           1
  -0.404325   -0.487722    -1.03403   -0.272599   -0.386091    -1.01526    0.708548    -0.56994   -0.523001   -0.666608   -0.857929    0.441052    0.285525           1
  -0.409837   -0.487722    -1.03403   -0.272599   -0.386091    0.187151    0.552081   -0.546077   -0.523001   -0.666608   -0.857929    0.425702   -0.506457           1
  -0.410687   -0.487722    -1.03403   -0.272599   -0.386091   -0.606384  0.00444859   -0.519646   -0.523001   -0.666608   -0.857929    0.400813   -0.422352           1
  -0.412762   -0.487722    -1.03403   -0.272599   -0.386091    0.372357    -1.26151   -0.315047   -0.523001   -0.666608   -0.857929    0.375924     -1.0265           1
  -0.412346   -0.487722    -1.03403   -0.272599   -0.386091   -0.377014   -0.760104   -0.114156   -0.523001   -0.666608   -0.857929    0.400813   -0.356471           1
  -0.414204   -0.487722    -1.03403   -0.272599   -0.386091   0.0432606    0.171583   -0.227009   -0.523001   -0.666608   -0.857929    0.426798   -0.891935           1
  -0.412788   -0.487722    -1.03403   -0.272599   -0.386091      0.8197    0.207144   -0.418203   -0.523001   -0.666608   -0.857929    0.379323   -0.803625           1
  -0.413791   -0.487722    -1.26602   -0.272599   -0.576134    0.990659   -0.361825   -0.459227   -0.752922    -1.27835   -0.303094    0.441052    -1.06715           1
  -0.412851   -0.487722    -1.26602   -0.272599   -0.576134     2.10902    0.523633   -0.501059   -0.752922    -1.27835   -0.303094     0.42636   -0.713914           1
  -0.412502   -0.487722    -1.26602   -0.272599   -0.576134   -0.200356   -0.226695   -0.569085   -0.752922    -1.27835   -0.303094    0.441052   -0.448985           1
  -0.409924   -0.487722    -1.26602   -0.272599   -0.576134     1.23997    0.840122   -0.520264   -0.752922    -1.27835   -0.303094    0.410571    -1.09799           1
  -0.408871   -0.487722    -1.26602   -0.272599   -0.576134    0.396576    0.961028    -0.45067   -0.752922    -1.27835   -0.303094    0.441052   -0.977441           1
  -0.410849   -0.487722    -1.26602   -0.272599   -0.576134   -0.969672    0.754777   -0.383691   -0.752922    -1.27835   -0.303094    0.376362    0.186002           1
   -0.41348   -0.487722    -1.26602   -0.272599   -0.576134   -0.187534  0.00800464   -0.244978   -0.752922    -1.27835   -0.303094    0.333711   0.0696575           1
  -0.413998   -0.487722    -1.26602   -0.272599   -0.576134     2.20304   -0.532516   -0.283245   -0.752922    -1.27835   -0.303094    0.394234    -1.14985           1
  -0.411353     1.44366    -1.12303   -0.272599    -1.01669    0.708576   -0.977023 -0.00306265   -0.523001  -0.0608014    -1.50524     0.40783   -0.837267           1
  -0.405879     1.44366    -1.12303   -0.272599    -1.01669    0.386603    -1.40375    0.366822   -0.523001  -0.0608014    -1.50524    0.286893    -1.13444           1
  -0.410777     1.44366    -1.12303   -0.272599    -1.01669     1.28271    -1.05526    0.366822   -0.523001  -0.0608014    -1.50524    0.441052    -1.01809           1
  -0.409965     1.44366    -1.12303   -0.272599    -1.01669    0.949344    -1.67401     1.27625   -0.523001  -0.0608014    -1.50524    0.230317    -1.05874           1
  -0.412475     1.44366    -1.12303   -0.272599    -1.01669    0.647316     -1.3433     1.27625   -0.523001  -0.0608014    -1.50524    0.362218    -1.11621           1
  -0.410435     1.44366    -1.12303   -0.272599    -1.01669     1.27274    -1.50332     1.27625   -0.523001  -0.0608014    -1.50524     0.37077    -1.37133           1
  -0.417972     2.08745    -1.19745   -0.272599    -1.32767     0.73422    -2.08651     1.15256   -0.982843   -0.850726    -1.32029    0.402348    -1.06855           1
  -0.418843     2.08745    -1.19745   -0.272599    -1.32767    0.454987    -1.77002     1.15256   -0.982843   -0.850726    -1.32029    0.219572    -1.15967           1
   -0.41891     2.94584    -1.55784   -0.272599    -1.14626     2.26573    -1.30062    0.881029   -0.637962   -0.910119    -1.87513    0.411777    -1.35731           1
   -0.41585     2.94584    -1.40318   -0.272599    -1.30175     1.42803    -1.22595     1.67043   -0.867883   -0.470612    -2.70738    0.441052    -1.20172           1
  -0.415087     2.94584    -1.40318   -0.272599    -1.30175     1.17159    -1.13705     1.67043   -0.867883   -0.470612    -2.70738  -0.0259201   -0.566731           1
  -0.416132     2.94584    -1.40318   -0.272599    -1.30175     1.40951    -1.07659     1.67043   -0.867883   -0.470612    -2.70738    0.389519   -0.845677           1
  -0.416852     3.58964    -1.41047   -0.272599    -1.31039    0.983535    -1.89449     1.83414   -0.752922  -0.0370442   -0.672984    0.441052    -1.13444           1
  -0.418448     3.58964    -1.41047   -0.272599    -1.31039     1.21148    -1.94427     1.83414   -0.752922  -0.0370442   -0.672984    0.302901    -1.14985           1
  -0.416508     3.05314    -1.32876   -0.272599    -1.20673   -0.174712    -1.07304     1.17652   -0.867883   -0.357765    -1.73642    0.406733   -0.732137           1
  -0.417984     3.05314    -1.32876   -0.272599    -1.20673     1.88819    -1.88026     1.17652   -0.867883   -0.357765    -1.73642    0.424386    -1.33769           1
  -0.416433     3.58964    -1.23392   -0.272599    -1.19723     2.23439    -1.25795    0.628893   -0.637962    -1.09424    -1.73642    0.395879    -1.23957           1
  -0.418179     3.58964    -1.23392   -0.272599    -1.19723     2.49225    -1.30418    0.628893   -0.637962    -1.09424    -1.73642    0.371428    -1.36993           1
  -0.404642   -0.487722  -0.0797801   -0.272599   -0.567496   -0.560795    -1.64556   0.0714752   -0.637962   -0.779455   0.0667958    0.441052   -0.249939           1
  -0.393788   -0.487722  -0.0797801   -0.272599   -0.567496   0.0589319   -0.571633    0.266139   -0.637962   -0.779455   0.0667958    0.418794   -0.235921           1
  -0.391193   -0.487722  -0.0797801   -0.272599   -0.567496   -0.714658    0.146691    0.266139   -0.637962   -0.779455   0.0667958    0.359148    0.757911           1
  -0.404706   -0.487722  -0.0797801      3.6684   -0.567496   -0.314329   -0.336933    0.211139   -0.637962   -0.779455   0.0667958    0.270227     0.28132           1
  -0.369812   -0.487722  -0.0797801      3.6684   -0.567496    -1.34008     1.11749   0.0380092   -0.637962   -0.779455   0.0667958    0.441052     1.46298           1
  -0.400215   -0.487722  -0.0797801      3.6684   -0.567496   -0.462493    0.836566   0.0390075   -0.637962   -0.779455   0.0667958    0.401032    0.647173           1
  -0.376787   -0.487722  -0.0797801      3.6684   -0.567496     -1.2546    0.712104  -0.0618183   -0.637962   -0.779455   0.0667958    0.422851     1.58774           1
  -0.395242   -0.487722  -0.0797801      3.6684   -0.567496   -0.680466   -0.525404  -0.0677129   -0.637962   -0.779455   0.0667958    0.375704    0.473358           1
  -0.404165   -0.487722  -0.0797801   -0.272599   -0.567496     0.12874    -1.28996   0.0714752   -0.637962   -0.779455   0.0667958    0.319457   -0.458798           1
  -0.386822   -0.487722  -0.0797801   -0.272599   -0.567496    -1.24321    -2.09007  -0.0986594   -0.637962   -0.779455   0.0667958  -0.0849083     2.36851           1
  -0.397473   -0.487722  -0.0797801   -0.272599   -0.567496   -0.146219   -0.930794   0.0714752   -0.637962   -0.779455   0.0667958    0.405198   -0.446182           1
  -0.415211   -0.487722    0.401721      3.6684  -0.0405575   -0.565069   -0.447171    -0.32465   -0.523001   -0.785394   -0.950402    0.396098     0.12012           1
  -0.412356   -0.487722    0.401721   -0.272599  -0.0405575    0.509124    0.587642   -0.177761   -0.523001   -0.785394   -0.950402    0.395879   -0.415344           1
  -0.407636   -0.487722    0.401721      3.6684  -0.0405575   -0.475315    0.897019   -0.430562   -0.523001   -0.785394   -0.950402    0.441052    0.738286           1
  -0.407222   -0.487722    0.401721      3.6684  -0.0405575    0.125891    0.847234   -0.205237   -0.523001   -0.785394   -0.950402    0.406405   -0.301803           1
  -0.378845   -0.487722   -0.720322      3.6684   -0.412006    0.949344    0.708548   -0.443682    -0.17812   -0.601276   -0.488039    0.384037    -0.41254           1
  -0.373071   -0.487722   -0.720322      3.6684   -0.412006   -0.171863    0.808118   -0.355121    -0.17812   -0.601276   -0.488039    0.422851      1.2345           1
  -0.347952   -0.487722   -0.720322      3.6684   -0.412006    0.846768    0.324494   -0.248591    -0.17812   -0.601276   -0.488039    0.369674   -0.381702           1
  -0.348983   -0.487722   -0.720322   -0.272599   -0.412006    0.474932    0.434732   -0.248591    -0.17812   -0.601276   -0.488039    0.441052   -0.708307           1
  -0.383821   -0.487722   -0.720322   -0.272599   -0.437921     2.82277     0.34583   -0.428138    -0.17812   -0.601276   -0.488039    0.311124    -1.19331           1
  -0.359197   -0.487722   -0.720322   -0.272599   -0.437921     3.47669    0.512965   -0.428138    -0.17812   -0.601276   -0.488039    0.277683    -1.12462           1
  -0.376047   -0.487722   -0.720322   -0.272599   -0.437921      2.5008    0.637427   -0.275402    -0.17812   -0.601276   -0.488039    0.336671    -1.33488           1
  -0.372527   -0.487722   -0.720322   -0.272599   -0.437921     1.25137    0.402727   -0.275402    -0.17812   -0.601276   -0.488039    0.168917   -0.882122           1
  -0.385816   -0.487722   -0.720322   -0.272599   -0.437921     1.99647    -1.83403   -0.199628    -0.17812   -0.601276   -0.488039    0.228453    -1.22415           1
  -0.369106   -0.487722   -0.720322   -0.272599   -0.437921    0.380905    -1.67757   -0.199628    -0.17812   -0.601276   -0.488039    0.259482    -1.24657           1
  -0.358025   -0.487722   -0.720322   -0.272599   -0.437921   -0.432575  -0.0168878  -0.0587284    -0.17812   -0.601276   -0.488039    0.237663   -0.140603           1
  -0.366641   -0.487722   -0.720322   -0.272599   -0.437921     1.60611    0.296045  -0.0587284    -0.17812   -0.601276   -0.488039    0.213432    -1.03772           1
  -0.353569   -0.487722   -0.720322   -0.272599   -0.412006     2.92392    0.168027   0.0206107    -0.17812   -0.601276   -0.488039    0.320554     -1.4274           1
  -0.381943   -0.487722   -0.720322   -0.272599   -0.412006      2.7957   0.0649016  -0.0680456    -0.17812   -0.601276   -0.488039    0.244242    -1.21994           1
  -0.368393   -0.487722   -0.720322      3.6684   -0.412006    0.628795  -0.0737847  -0.0680456    -0.17812   -0.601276   -0.488039     0.03866   -0.645229           1
  -0.382062   -0.487722   -0.720322   -0.272599   -0.412006   -0.282986   -0.251588  -0.0680456    -0.17812   -0.601276   -0.488039     0.22012   -0.248537           1
  -0.359936   -0.487722   -0.720322      3.6684   -0.412006    0.493453    0.281821    0.167785    -0.17812   -0.601276   -0.488039    0.348403    -0.43637           1
  -0.360954   -0.487722   -0.720322   -0.272599   -0.412006     1.52918    0.107574    0.167785    -0.17812   -0.601276   -0.488039    0.366165    -1.11061           1
  -0.410924    0.799865   -0.905627   -0.272599    -1.09443    0.279754    -1.78069     1.13844   -0.408041   -0.642851   -0.857929    0.249285   -0.882122           1
  -0.409751    0.799865   -0.905627   -0.272599    -1.09443    0.457836   -0.937907     1.13844   -0.408041   -0.642851   -0.857929      0.2972   -0.740547           1
  -0.407333    0.799865   -0.905627   -0.272599    -1.09443    0.872412   -0.507624     1.20794   -0.408041   -0.642851   -0.857929    0.379103    -0.17845           1
  -0.408168    0.799865   -0.905627   -0.272599    -1.09443   -0.270164   -0.123569     1.20794   -0.408041   -0.642851   -0.857929    0.416053  -0.0354728           1
  -0.408543    0.799865   -0.905627   -0.272599    -1.09443    0.104521   -0.557408     1.54041   -0.408041   -0.642851   -0.857929    0.176263   -0.200878           1
  -0.405672    0.799865   -0.905627   -0.272599    -1.09443    0.154384    -2.16119     1.54041   -0.408041   -0.642851   -0.857929    0.197753    -1.04613           1
  -0.396535    0.456508   -0.769931   -0.272599    -1.06852   -0.985343    0.281821     1.97747   -0.293081   -0.464673    0.297977    0.173412  -0.0214555           1
  -0.398252    0.456508   -0.769931   -0.272599    -1.06852   -0.968247   0.0577894     1.97747   -0.293081   -0.464673    0.297977    0.355859     0.81398           1
   -0.38097    0.456508   -0.769931   -0.272599    -1.06852   -0.251644     -1.1975     2.02529   -0.293081   -0.464673    0.297977    0.367371   -0.489636           1
  -0.397642    0.456508   -0.769931   -0.272599    -1.06852   -0.083534    0.377835     2.02529   -0.293081   -0.464673    0.297977    0.213432   -0.350864           1
  -0.401387    0.456508   -0.769931   -0.272599    -1.06852     0.21137   -0.692539     1.91643   -0.293081   -0.464673    0.297977    0.197753   -0.439173           1
  -0.398322    0.456508   -0.769931   -0.272599    -1.06852    0.617398    -1.81625     1.91643   -0.293081   -0.464673    0.297977    0.406405   -0.854088           1
   -0.40419    0.456508   -0.769931   -0.272599    -1.06852    0.288302    -1.97628     1.71212   -0.293081   -0.464673    0.297977    0.434254   -0.946602           1
  -0.395603    0.456508   -0.769931   -0.272599    -1.06852    0.218494    -2.12207     1.71212   -0.293081   -0.464673    0.297977    0.223629     -1.2704           1
   -0.41095    0.456508   -0.769931   -0.272599    -1.06852    0.957892    -2.19675     2.42992   -0.293081   -0.464673    0.297977    0.322527    -1.27881           1
  -0.377583    0.456508   -0.769931   -0.272599    -1.06852      2.8128    -2.13985     2.42992   -0.293081   -0.464673    0.297977    0.441052    -1.27741           1
  -0.414909     2.94584    -1.09385   -0.272599    -1.40541   -0.251644    -1.30062       2.579   -0.982843   -0.553762   -0.950402    0.397085   -0.852686           1
  -0.416388     2.94584    -1.09385   -0.272599    -1.40541   -0.582165    -1.75936       2.579   -0.982843   -0.553762   -0.950402    0.422193    -0.47702           1
  -0.418728     3.37504     -1.0778   -0.272599    -1.38814     1.66595    -1.22239     1.20794   -0.752922   -0.975451    -1.18158    0.325268    -1.33769           1
  -0.349351    0.370669     -1.0457   -0.272599    0.797361     3.44677    0.651651   -0.947906   -0.523001   -0.856665    -2.52243    0.362109    -1.05594           1
  -0.343303    0.370669     -1.0457   -0.272599    0.797361     1.49356     1.11749   -0.903412   -0.523001   -0.856665    -2.52243    0.291827   -0.681674           1
  -0.344101    0.370669     -1.0457   -0.272599    0.797361    0.794056     1.11749   -0.848221   -0.523001   -0.856665    -2.52243    0.386559   -0.806429           1
  -0.357663    0.370669     -1.0457   -0.272599    0.797361     1.30836    0.470292   -0.800019   -0.523001   -0.856665    -2.52243    0.396098   -0.429361           1
   -0.35836    0.370669     -1.0457   -0.272599    0.797361     1.75997    0.740552   -0.786851   -0.523001   -0.856665    -2.52243    0.347526   -0.755966           1
  -0.359987    0.370669     -1.0457   -0.272599    0.797361     3.01082     0.81523   -0.716164   -0.523001   -0.856665    -2.52243     0.33097   -0.945201           1
  -0.324479    0.370669     -1.0457   -0.272599    0.797361     1.48502    0.921911   -0.815849   -0.523001   -0.856665    -2.52243    0.402896   -0.196673           1
  -0.356504    0.370669     -1.0457   -0.272599    0.797361     1.31263    0.818786   -0.886536   -0.523001   -0.856665    -2.52243    0.342263    -0.63822           1
  -0.331885    0.370669     -1.0457   -0.272599    0.797361    -1.03236   -0.205359   -0.859725   -0.523001   -0.856665    -2.52243    0.391712   -0.308812           1
  -0.329083    0.370669     -1.0457   -0.272599    0.797361      1.0391    0.569862   -0.790131   -0.523001   -0.856665    -2.52243    0.300379    0.299543           1
  -0.353214    0.370669     -1.0457   -0.272599    0.175401     2.86693  -0.0560044   -0.652892   -0.523001   -0.856665    -2.52243    0.305532   -0.730735           1
  -0.357618    0.370669     -1.0457   -0.272599    0.175401     1.68874   -0.568077   -0.438786   -0.523001   -0.856665    -2.52243    0.368687    -1.33068           1
  -0.409968    0.370669   -0.609431      3.6684   -0.783454    -0.51948   -0.251588   0.0582124   -0.752922    -1.10018   0.0667958     0.38009    0.139744           1
  -0.385703    0.370669   -0.609431   -0.272599   -0.783454   -0.610658   -0.941463    0.301364   -0.752922    -1.10018   0.0667958    0.350596   0.0486314           1
  -0.401652    0.370669   -0.609431   -0.272599   -0.783454  -0.0635888    -1.85893    0.301364   -0.752922    -1.10018   0.0667958    0.441052   -0.849883           1
  -0.407181    0.370669   -0.609431   -0.272599   -0.783454     0.36096   -0.351157   0.0582124   -0.752922    -1.10018   0.0667958    0.419781   -0.690084           1
  -0.394697    0.370669   -0.609431      3.6684   -0.783454     2.00359   -0.596525    0.271653   -0.752922    -1.10018   0.0667958     0.37384   -0.851284           1
  -0.413949     1.22906   -0.689681      3.6684   -0.930305    0.674384    -1.26862    0.134319   -0.637962   -0.916058   -0.395567    0.441052    -1.27881           1
  -0.409341     1.22906   -0.689681   -0.272599   -0.930305    0.811152    -0.91657    0.224497   -0.637962   -0.916058   -0.395567    0.441052    -1.35591           1
  -0.408334     1.22906   -0.689681      3.6684   -0.930305     1.39954   -0.696095    0.471641   -0.637962   -0.916058   -0.395567    0.357175   -0.925576           1
  -0.413387     1.22906   -0.689681      3.6684   -0.930305    0.771261    -1.45709    0.507579   -0.637962   -0.916058   -0.395567    0.403225     -1.1905           1
  -0.411233     1.22906   -0.689681   -0.272599   -0.930305    0.281179    -1.29707    0.164125   -0.637962   -0.916058   -0.395567    0.441052   -0.765778           1
  -0.396035    0.370669    -1.13908   -0.272599   -0.965723    0.751316    -1.29351      0.1453   -0.523001    -1.14175    -1.64395    0.441052    -1.09378           1
  -0.416354    0.370669    -1.13908   -0.272599   -0.965723     2.18737   -0.144906    0.427669   -0.523001    -1.14175    -1.64395    0.335904    -1.24657           1
  -0.416206    0.370669    -1.13908   -0.272599   -0.965723    0.973563    -1.11571    0.689122   -0.523001    -1.14175    -1.64395    0.389848    -1.13023           1
  -0.413385    0.370669    -1.13908      3.6684   -0.965723     1.93806   -0.671202     0.67353   -0.523001    -1.14175    -1.64395    0.223629     -1.3517           1
  -0.418771     3.37504    -1.44841      3.6684    -1.32767     2.33411    -1.55666    0.993501   -0.982843    -1.24866    -2.24502    0.425921    -1.33068           1
  -0.419463     3.37504    -1.19161   -0.272599    -1.33631     1.14452     -1.6989     1.66962   -0.982843    -0.73194      -1.459     0.41715   -0.673264           1
  -0.419242     1.87285    -1.29666   -0.272599    -1.43133    0.239864    -1.30418     1.66962   -0.982843   -0.642851      -1.459     0.41715   -0.619998           1
  -0.418231     2.94584    -1.36816   -0.272599    -1.46588  -0.0778354     -1.3184     2.51668   -0.982843   -0.993269   -0.118149   -0.165277   0.0388193           1
  -0.416013     1.76555   -0.848722   -0.272599    -1.29312   -0.107753    -1.32552     1.67432   -0.408041   -0.684426   -0.857929    0.441052   -0.772787           1
  -0.415176     1.76555   -0.848722   -0.272599    -1.29312   0.0432606   -0.817001     1.67432   -0.408041   -0.684426   -0.857929    0.441052   -0.708307           1
  -0.415517     1.76555   -0.848722   -0.272599    -1.29312    0.399425    -1.62423     1.67432   -0.408041   -0.684426   -0.857929    0.164969   -0.440575           1
  -0.416442     2.94584   -0.902709   -0.272599    -1.24129    0.821124    -1.44642    0.628275   -0.637962   -0.969512    0.344213    0.441052    -1.30685           1
   -0.41134     2.94584   -0.902709   -0.272599    -1.24129        1.23    -1.45353    0.628275   -0.637962   -0.969512    0.344213    0.441052    -1.27461           1
  -0.416311     2.94584   -0.902709   -0.272599    -1.24129    0.492028    -1.60645    0.628275   -0.637962   -0.969512    0.344213    0.441052    -1.11481           1
  -0.410899   -0.487722    0.406098   -0.272599    -1.01669   -0.224575    -1.78425    0.811768   -0.637962   -0.708183    -1.13535    0.441052   -0.570937           1
  -0.410976   -0.487722    0.406098   -0.272599    -1.01669   -0.392685   -0.934351    0.811768   -0.637962   -0.708183    -1.13535    0.441052    -0.31582           1
  -0.405468   -0.487722    0.406098   -0.272599    -1.01669    0.560412    -1.33263     1.02934   -0.637962   -0.708183    -1.13535    0.441052   -0.894738           1
  -0.414266   -0.487722    0.406098   -0.272599    -1.01669    0.376631   -0.624974     1.02934   -0.637962   -0.708183    -1.13535    0.396646   -0.737743           1
  -0.404105   -0.487722    0.406098   -0.272599    -1.01669   -0.704685    -0.37605     1.20029   -0.637962   -0.708183    -1.13535    0.441052    0.446725           1
  -0.412993     2.51665    -1.29812   -0.272599    -1.33631   0.0860004     -1.7238     1.91705   -0.523001   -0.298373    -1.69018    0.126813    -1.07696           1
  -0.414046     2.51665    -1.29812   -0.272599    -1.33631     1.07756    -2.08296     1.91705   -0.523001   -0.298373    -1.69018    0.163434     -1.1092           1
  -0.415377     2.51665    -1.29812   -0.272599    -1.33631    0.835371   -0.752992     1.91705   -0.523001   -0.298373    -1.69018    0.374827   -0.922773           1
  -0.416401    0.971543   -0.736372   -0.272599    -1.05124    0.435042    -1.00192    0.806539   -0.293081   -0.470612    -1.08911    0.428443   -0.441977           1
  -0.409734    0.971543   -0.736372   -0.272599    -1.05124    0.299699    -1.78425    0.806539   -0.293081   -0.470612    -1.08911    0.295336   -0.558321           1
   -0.40888    0.971543   -0.736372   -0.272599    -1.05124    0.993508    -1.80914    0.806539   -0.293081   -0.470612    -1.08911    0.370113    -1.09238           1
  -0.414099    0.928623    -1.30688   -0.272599   -0.714347     1.35537   -0.977023    0.107889   -0.293081    -1.10612  -0.0256767    0.405747   -0.802223           1
  -0.414141    0.928623    -1.30688   -0.272599   -0.714347    0.472083   -0.372493   -0.202052   -0.293081    -1.10612  -0.0256767    0.402238   -0.521876           1
  -0.411786    0.928623    -1.30688   -0.272599   -0.714347     1.61751    0.118242   -0.330782   -0.293081    -1.10612  -0.0256767    0.441052   -0.866703           1
  -0.414778    0.928623    -1.30688   -0.272599   -0.714347    0.804028   0.0613455   -0.291089   -0.293081    -1.10612  -0.0256767    0.441052   -0.718119           1
  -0.363148   -0.487722   -0.180458   -0.272599  -0.0923875    0.499151    0.495184   -0.227009   -0.637962   -0.619094  -0.0256767    0.441052    -1.13724           1
  -0.379857   -0.487722   -0.180458   -0.272599  -0.0923875   -0.445397    0.288933   -0.329213   -0.637962   -0.619094  -0.0256767    0.433815   -0.376095           1
  -0.113818   -0.487722   -0.180458   -0.272599  -0.0923875    -1.86863    -1.09437   -0.606401   -0.637962   -0.619094  -0.0256767  -0.0682425 -0.00183112           1
  -0.328535   -0.487722   -0.180458   -0.272599  -0.0923875   -0.231698   -0.560965   -0.548929   -0.637962   -0.619094  -0.0256767    0.441052   -0.935389           1
  -0.390064   -0.487722   -0.180458   -0.272599  -0.0923875    -0.37274    0.776113    -0.45685   -0.637962   -0.619094  -0.0256767    0.434473   -0.130791           1
  -0.389169   -0.487722   -0.180458   -0.272599  -0.0923875  -0.0265476    0.505853   -0.253012   -0.637962   -0.619094  -0.0256767    0.402567   -0.666255           1
  -0.377552   -0.487722   -0.180458   -0.272599  -0.0923875    0.402275    0.665875  -0.0916239   -0.637962   -0.619094  -0.0256767    0.427785   -0.472815           1
   -0.39101   -0.487722   -0.180458   -0.272599  -0.0923875   -0.825781    0.324494   0.0712851   -0.637962   -0.619094  -0.0256767    0.435789   -0.161629           1
  -0.383479   -0.487722   -0.180458   -0.272599  -0.0923875   -0.528027    0.520077   0.0967649   -0.637962   -0.619094  -0.0256767    0.373073    0.795758           1
   -0.39198   -0.487722   -0.180458   -0.272599  -0.0923875   -0.716082     0.11113      0.1125   -0.637962   -0.619094  -0.0256767    0.441052    0.460742           1
  -0.373733   -0.487722   -0.180458   -0.272599  -0.0923875    0.138713  -0.0488923   -0.124805   -0.637962   -0.619094  -0.0256767    0.422522   -0.321427           1
  -0.365185   -0.487722   -0.180458   -0.272599  -0.0923875    -0.24452   -0.347601   0.0983336   -0.637962   -0.619094  -0.0256767    0.433706   0.0107845           1
  -0.401013   -0.487722   -0.548149   -0.272599   -0.532942    0.201398   -0.578745     0.35432   -0.523001   -0.720062    0.529158    0.441052   -0.764377           1
  -0.399385   -0.487722   -0.548149   -0.272599   -0.532942    0.130165   -0.507624     0.35432   -0.523001   -0.720062    0.529158    0.441052   -0.810634           1
  -0.379654   -0.487722   -0.548149   -0.272599   -0.532942   -0.347096    -0.66409    0.440219   -0.523001   -0.720062    0.529158    0.441052    -0.69429           1
  -0.387477   -0.487722   -0.548149   -0.272599   -0.532942   -0.821507    0.203588    0.440219   -0.523001   -0.720062    0.529158    0.377788   -0.127988           1
  -0.380824   -0.487722   -0.548149   -0.272599   -0.532942    0.185727    -1.01258    0.440219   -0.523001   -0.720062    0.529158    0.441052   -0.915764           1
   -0.39819   -0.487722   -0.548149   -0.272599   -0.532942    0.208521    -1.91582    0.770506   -0.523001   -0.720062    0.529158    0.405747    -1.06154           1
  -0.385202   -0.487722   -0.548149   -0.272599   -0.532942   0.0389867    -1.41086    0.770506   -0.523001   -0.720062    0.529158    0.441052   -0.911559           1
  -0.392468   -0.487722   -0.548149   -0.272599   -0.532942    -0.28726   -0.884566    0.770506   -0.523001   -0.720062    0.529158    0.441052   0.0191949           1
  -0.412817   -0.487722    -1.15221   -0.272599   -0.818007   -0.593562     -1.5211    0.674814   -0.637962    0.129256    -0.71922    0.282507   -0.376095           1
  -0.412692   -0.487722    -1.15221   -0.272599   -0.818007   0.0689045    -1.82692    0.674814   -0.637962    0.129256    -0.71922    0.203235   -0.744752           1
  -0.415229   -0.487722    -1.15221   -0.272599   -0.818007   -0.200356    -1.29351    0.988082   -0.637962    0.129256    -0.71922    0.130432   -0.499448           1
  -0.414672     1.01446   -0.740749   -0.272599    -1.00891   -0.824357    -1.42864     1.35274   -0.982843   -0.619094    -0.71922    0.409475  -0.0312676           1
  -0.416484     1.01446   -0.740749   -0.272599    -1.00891   -0.361342       -1.61     1.35274   -0.982843   -0.619094    -0.71922   0.0611369   -0.676067           1
  -0.414602   -0.487722   -0.867691   -0.272599   -0.342899   0.0446853     -1.0837     1.26608   -0.523001    -1.09424    0.806576    0.362218   -0.977441           1
  -0.416167   -0.487722   -0.867691   -0.272599   -0.342899   0.0361373    -1.06948     1.26608   -0.523001    -1.09424    0.806576    0.358819   -0.827455           1
  -0.415908   -0.487722   -0.867691   -0.272599   -0.342899   -0.352794    -1.21172     1.04118   -0.523001    -1.09424    0.806576    0.441052   -0.650836           1
  -0.416529   -0.487722   -0.867691   -0.272599   -0.342899   -0.592137   -0.792108    0.682657   -0.523001    -1.09424    0.806576    0.441052   -0.399925           1
  -0.416979   -0.487722   -0.867691   -0.272599   -0.342899   -0.555096   -0.319153    0.865152   -0.523001    -1.09424    0.806576    0.418136   -0.293393           1
   -0.41667   -0.487722   -0.867691   -0.272599   -0.342899   -0.321452    -1.11215    0.483525   -0.523001    -1.09424    0.806576    0.432719   -0.580749           1
   -0.41412   -0.487722   -0.867691   -0.272599   -0.342899   -0.426877   -0.824113    0.483525   -0.523001    -1.09424    0.806576    0.441052   -0.408335           1
  -0.413359   -0.487722   -0.867691   -0.272599   -0.342899   -0.451096   -0.358269    0.483525   -0.523001    -1.09424    0.806576    0.441052   -0.471413           1
  -0.419003     1.01446    -1.40318   -0.272599   -0.973497     1.36249   -0.685427     1.54155   -0.982843    -0.73788    -1.36653    0.417369    -1.00407           1
   -0.41761   -0.487722    -1.34919   -0.272599   -0.316984    0.363809   -0.315597     1.17504   -0.982843   0.0817414    -1.18158    0.364959   -0.561125           1
  -0.417558     1.87285    -1.07342   -0.272599   -0.610687    0.586056   -0.432946    0.920817   -0.523001   -0.227101   -0.395567    0.441052    -0.76718           1
  -0.416969     1.87285    -1.07342   -0.272599   -0.610687    0.839645    -1.43931     1.26941   -0.523001   -0.227101   -0.395567     0.34314    -1.12743           1
  -0.416895   -0.487722   -0.984418   -0.272599   -0.973497   -0.385562   -0.713875     2.00537   -0.752922   -0.334008    0.159268    0.317593   -0.297598           1
  -0.413346   -0.487722   -0.984418   -0.272599   -0.973497   -0.550822   -0.578745     2.00537   -0.752922   -0.334008    0.159268   0.0870128  0.00237409           1
  -0.418341     3.16044    -1.01944   -0.272599     -1.0858    0.329617    -1.45353     2.25337   -0.637962   -0.339948   -0.256858    0.392041   -0.882122           1
  -0.418771     2.94584    -1.33168   -0.272599    -1.03397    0.499151    -1.38241     2.16243   -0.637962   -0.761637   -0.672984    0.375704   -0.933987           1
  -0.417144     1.22906    -1.44257   -0.272599     -1.0858    0.932248    -1.21172     2.37545   -0.982843   -0.434976    0.575395    0.363753   -0.948004           1
  -0.413289     1.22906    -1.44257   -0.272599     -1.0858    0.292576   -0.859673     2.37545   -0.982843   -0.434976    0.575395    0.441052   -0.935389           1
  -0.411266     2.08745    -1.37837   -0.272599    -1.24129    0.419371    -1.16194      3.2873   -0.637962   0.0164093  -0.0719129    0.154663    -1.00407           1
  -0.412087     2.08745    -1.37837   -0.272599    -1.24129   -0.570767    -1.78069      3.2873   -0.637962   0.0164093  -0.0719129    0.390945   -0.681674           1
  -0.418529     3.37504    -1.33022   -0.272599    -1.24992    0.631645    -1.15483     3.96052   -0.523001    -1.31399   -0.672984    0.304655    -1.14285           1
  -0.415512     2.94584    -1.34627   -0.272599    -1.22401   -0.885617    -1.65979     3.22807   -0.637962   -0.440915     1.63883    0.286454   -0.645229           1
  -0.408113     2.94584    -1.34627   -0.272599    -1.22401   -0.496685    -1.74513     3.22807   -0.637962   -0.440915     1.63883    0.212335    -0.99286           1
   0.624859   -0.487722       1.016      3.6684     1.85988   -0.103479     1.02504   -0.795218     1.66125     1.53093    0.806576    0.230865    0.693431           1
  0.0274846   -0.487722       1.016      3.6684     1.85988    0.157233    0.797449   -0.613151     1.66125     1.53093    0.806576     0.38009   0.0864784           1
   0.184829   -0.487722       1.016      3.6684     1.85988   -0.224575    0.527189   -0.509759     1.66125     1.53093    0.806576    0.424934   -0.164433           1
   0.075385   -0.487722       1.016   -0.272599     1.85988   -0.245945    0.452512   -0.611297     1.66125     1.53093    0.806576    0.373511  0.00237409           1
    0.10804   -0.487722       1.016   -0.272599     1.85988    0.161507    0.690768   -0.606972     1.66125     1.53093    0.806576    0.196108   -0.681674           1
  0.0259881   -0.487722       1.016   -0.272599     1.85988  -0.0479175    0.801005   -0.712836     1.66125     1.53093    0.806576  -0.0660496    0.215438           1
 0.00752893   -0.487722       1.016   -0.272599     1.85988    -1.31444    0.982364    -0.80406     1.66125     1.53093    0.806576    0.264416   -0.345257           1
  0.0708558   -0.487722       1.016      3.6684     1.85988   -0.686165    0.726328   -0.898611     1.66125     1.53093    0.806576  -0.0398448    0.278516           1
 -0.0162042   -0.487722       1.016      3.6684     1.41068     3.55504    0.509409   -0.898611     1.66125     1.53093    0.806576  -0.0232886    -1.03211           1
   0.109664   -0.487722       1.016   -0.272599     1.41068    -3.88025    0.687212    -1.03718     1.66125     1.53093    0.806576   -0.021644    -0.77559           1
  0.0097086   -0.487722       1.016   -0.272599     1.41068    -1.88288    0.811674   -0.971057     1.66125     1.53093    0.806576   -0.445636    0.188805           1
     1.1531   -0.487722       1.016   -0.272599    0.659147       -3.45     1.11749    -1.08595     1.66125     1.53093    0.806576    -2.46977   0.0948888           1
   0.149504   -0.487722       1.016   -0.272599    0.659147    -1.87291     1.11749    -1.17062     1.66125     1.53093    0.806576    0.206634    -1.31666           1
   0.239316   -0.487722       1.016      3.6684    0.659147    0.567535      1.0037    -1.15911     1.66125     1.53093    0.806576    0.204551    -1.25078           1
   0.340419   -0.487722       1.016      3.6684    0.659147     1.04195     1.02859    -1.23246     1.66125     1.53093    0.806576    0.387875    -1.35871           1
   0.653875   -0.487722       1.016   -0.272599    0.659147  -0.0977806     1.11749    -1.24829     1.66125     1.53093    0.806576    0.103898   -0.437772           1
   0.541569   -0.487722       1.016      3.6684    0.978765   -0.583589    0.747665    -1.26707     1.66125     1.53093    0.806576  -0.0964209   -0.528885           1
   0.872168   -0.487722       1.016   -0.272599    0.978765    -1.96408     1.11749    -1.24587     1.66125     1.53093    0.806576    0.441052     3.10021           1
    1.73218   -0.487722       1.016   -0.272599    0.978765    -3.05822     1.11749    -1.26355     1.66125     1.53093    0.806576    0.441052     3.54877           1
    1.86146   -0.487722       1.016   -0.272599     1.00468     1.46507     1.04282    -1.17832     1.66125     1.53093    0.806576    0.441052    0.110308           1
     1.3586   -0.487722       1.016   -0.272599     1.00468    0.519097    0.879239    -1.16472     1.66125     1.53093    0.806576   0.0695795     1.48401           1
   0.722674   -0.487722       1.016   -0.272599     1.00468    0.725672     1.07482    -1.15849     1.66125     1.53093    0.806576    0.441052     1.20366           1
     2.3315   -0.487722       1.016   -0.272599     1.00468    0.135863    0.982364    -1.14514     1.66125     1.53093    0.806576    0.441052     1.54709           1
    1.65869   -0.487722       1.016   -0.272599     1.00468   -0.087808     1.11749    -1.14514     1.66125     1.53093    0.806576    0.406405     1.27936           1
    9.93393   -0.487722       1.016   -0.272599     1.00468    0.973563    0.829454    -1.13069     1.66125     1.53093    0.806576    0.441052    0.638763           1
    1.42684   -0.487722       1.016   -0.272599     1.00468    0.370932     1.08549    -1.08187     1.66125     1.53093    0.806576    0.441052     1.18124           1
   0.648606   -0.487722       1.016   -0.272599     1.25519    -1.06655     1.11749    -1.05277     1.66125     1.53093    0.806576    0.441052     1.53447           1
   0.509593   -0.487722       1.016   -0.272599     1.25519    -1.08934     1.11749    -1.07526     1.66125     1.53093    0.806576    0.441052     1.66904           1
    1.91683   -0.487722       1.016   -0.272599     1.25519    -2.73055    0.804561    -1.11975     1.66125     1.53093    0.806576   -0.776759      2.5199           1
    1.53593   -0.487722       1.016   -0.272599     1.25519    -1.43554     1.04993    -1.12612     1.66125     1.53093    0.806576    0.441052     2.54513           1
    2.41827   -0.487722       1.016   -0.272599     1.25519    -2.32595     1.11749    -1.10658     1.66125     1.53093    0.806576    0.441052     2.19049           1
    2.20918   -0.487722       1.016   -0.272599     1.25519    -1.83017    0.744108    -1.08225     1.66125     1.53093    0.806576    0.441052     2.71053           1
    1.24754   -0.487722       1.016   -0.272599     1.25519    -2.00112     1.11749    -1.04845     1.66125     1.53093    0.806576    0.178127     2.51849           1
   0.528127   -0.487722       1.016   -0.272599     1.25519    -1.27455     1.07838   -0.982561     1.66125     1.53093    0.806576    0.441052       1.149           1
    0.38969   -0.487722       1.016   -0.272599     1.25519   -0.814384     1.01081   -0.888248     1.66125     1.53093    0.806576     0.41397    0.624746           1
   0.195452   -0.487722       1.016   -0.272599     1.25519   -0.332849    0.495184   -0.773541     1.66125     1.53093    0.806576    0.237992    0.856032           1
    0.92684   -0.487722       1.016   -0.272599     1.25519    -1.77888     1.01081   -0.962643     1.66125     1.53093    0.806576    0.441052     1.82604           1
   0.585501   -0.487722       1.016   -0.272599     1.19472   -0.130548    0.854346   -0.952565     1.66125     1.53093    0.806576    0.441052    0.352809           1
    1.13421   -0.487722       1.016   -0.272599     1.19472   -0.566493    0.929023   -0.956891     1.66125     1.53093    0.806576    0.441052    0.518214           1
   0.593879   -0.487722       1.016   -0.272599     1.19472    0.265507     1.07482   -0.983702     1.66125     1.53093    0.806576    0.387107    0.626147           1
   0.262832   -0.487722       1.016   -0.272599     1.19472     0.17148    0.975252    -1.00695     1.66125     1.53093    0.806576    0.441052    0.941538           1
     0.4723   -0.487722       1.016   -0.272599     1.19472   -0.765945     1.07838    -1.02758     1.66125     1.53093    0.806576    0.399387     1.01863           1
    4.04261   -0.487722       1.016   -0.272599     1.19472     -1.1848     1.11749    -1.09594     1.66125     1.53093    0.806576    0.441052     2.51429           1
   0.733504   -0.487722       1.016   -0.272599     1.19472   -0.616356     0.32805     -1.0908     1.66125     1.53093    0.806576   -0.202994     2.42738           1
    2.49418   -0.487722       1.016   -0.272599     1.19472   -0.424027     1.11749    -1.04878     1.66125     1.53093    0.806576    0.441052     1.97882           1
     1.2362   -0.487722       1.016   -0.272599     1.19472   0.0831511     1.11749    -1.05577     1.66125     1.53093    0.806576    0.441052      1.0747           1
   0.696166   -0.487722       1.016   -0.272599     1.19472    0.170055     1.11749    -1.02492     1.66125     1.53093    0.806576    0.213103      1.0733           1
    2.46574   -0.487722       1.016   -0.272599     1.19472    -1.33296    0.975252   -0.994588     1.66125     1.53093    0.806576    0.441052    0.997608           1
    4.41237   -0.487722       1.016   -0.272599     1.19472    -1.07367     0.59831    -1.03994     1.66125     1.53093    0.806576   -0.298384     2.06433           1
    7.48365   -0.487722       1.016   -0.272599     1.19472   -0.857124     1.11749    -1.12646     1.66125     1.53093    0.806576    0.310247     1.44757           1
    1.99029   -0.487722       1.016   -0.272599    0.901021    -3.05822     1.11749    -1.24401     1.66125     1.53093    0.806576    0.148523     1.49803           1
   0.970271   -0.487722       1.016   -0.272599    0.901021   -0.963973     1.11749     -1.1931     1.66125     1.53093    0.806576   -0.269548  -0.0733198           1
   0.441097   -0.487722       1.016   -0.272599    0.365444   -0.951151     1.04282    -1.11253     1.66125     1.53093    0.806576   -0.460876     1.92696           1
    1.25971   -0.487722       1.016   -0.272599    0.365444    0.808302     1.11749    -1.10739     1.66125     1.53093    0.806576    -1.94413     0.99901           1
    5.53032   -0.487722       1.016   -0.272599    0.365444   -0.751699     1.11749    -1.13235     1.66125     1.53093    0.806576    -3.88219   -0.356471           1
    1.21461   -0.487722       1.016   -0.272599    0.365444    0.530494     1.11749    -1.07792     1.66125     1.53093    0.806576     -3.5264     1.20086           1
    1.76858   -0.487722       1.016   -0.272599    0.365444    -2.36014     1.11749    -1.06537     1.66125     1.53093    0.806576    -3.59504     3.04415           1
    2.91425   -0.487722       1.016   -0.272599    0.365444    -1.60934     1.11749    -1.04849     1.66125     1.53093    0.806576    -1.59755     1.04106           1
     4.9031   -0.487722       1.016   -0.272599     1.19472    -2.51543     1.11749    -1.01579     1.66125     1.53093    0.806576    -2.94288        3.41           1
    1.68405   -0.487722       1.016   -0.272599     1.07379    0.212795     1.11749   -0.931886     1.66125     1.53093    0.806576    -3.61192     2.29842           1
   0.840293   -0.487722       1.016   -0.272599     1.07379    0.708576    0.790337   -0.939112     1.66125     1.53093    0.806576     -3.6742     1.84145           1
    2.59827   -0.487722       1.016   -0.272599     1.07379    -1.39707    0.729884    -1.02088     1.66125     1.53093    0.806576    -2.51428      1.9606           1
    8.13688   -0.487722       1.016   -0.272599     1.07379   -0.466767     1.11749   -0.947146     1.66125     1.53093    0.806576    -3.73034     1.11676           1
   0.954118   -0.487722       1.016   -0.272599     1.41068    0.768412    0.281821   -0.951234     1.66125     1.53093    0.806576    -3.37948     1.41392           1
   0.869759   -0.487722       1.016   -0.272599     1.41068    0.180028     1.11749   -0.920382     1.66125     1.53093    0.806576   -0.415813    0.331782           1
   0.396724   -0.487722       1.016   -0.272599     1.41068   -0.396959     0.95036   -0.912919     1.66125     1.53093    0.806576   -0.402327    0.427101           1
   0.981571   -0.487722       1.016   -0.272599    0.512296   -0.906987    0.676543   -0.876506     1.66125     1.53093    0.806576   -0.714043    0.202823           1
   0.399963   -0.487722       1.016   -0.272599    0.512296   -0.258767    0.587642   -0.842945     1.66125     1.53093    0.806576    -3.88307     1.49102           1
    0.60265   -0.487722       1.016   -0.272599    0.253146    -1.02523   0.0720137   -0.823122     1.66125     1.53093    0.806576    -3.87068    0.631754           1
     1.4252   -0.487722       1.016   -0.272599     1.07379   -0.553671    0.953916   -0.896281     1.66125     1.53093    0.806576     -3.8265     1.64521           1
    1.00473   -0.487722       1.016   -0.272599    0.253146   -0.637726   -0.315597   -0.854449     1.66125     1.53093    0.806576    -3.64043    0.425699           1
    3.96232   -0.487722       1.016   -0.272599     1.07379   -0.117726    0.360054   -0.918481     1.66125     1.53093    0.806576    -3.70435    0.261696           1
   0.436817   -0.487722       1.016   -0.272599     1.07379   -0.130548    0.338718   -0.883922     1.66125     1.53093    0.806576    -2.85012     1.24291           1
   0.666279   -0.487722       1.016   -0.272599     1.07379    0.135863    0.961028   -0.868425     1.66125     1.53093    0.806576    -3.24495     1.60176           1
   0.567739   -0.487722       1.016   -0.272599    0.253146   0.0902744    0.623203   -0.828256     1.66125     1.53093    0.806576    -2.99573    0.699038           1
   0.750465   -0.487722       1.016   -0.272599    0.253146    0.781234    0.914799    -0.81138     1.66125     1.53093    0.806576    -3.01897    0.986394           1
   0.329398   -0.487722       1.016   -0.272599    0.253146    0.199973    0.221368   -0.758044     1.66125     1.53093    0.806576    -2.83674  -0.0873371           1
    0.22897   -0.487722       1.016   -0.272599     1.36749    0.215644    0.687212   -0.703186     1.66125     1.53093    0.806576    -2.81218    0.499991           1
    1.19863   -0.487722       1.016   -0.272599     1.36749   -0.109178    0.939692   -0.747681     1.66125     1.53093    0.806576    -2.80736    0.352809           1
   0.878254   -0.487722       1.016   -0.272599     1.60073    0.490603    0.925467   -0.794029     1.66125     1.53093    0.806576    -2.70627     1.48822           1
    1.25768   -0.487722       1.016   -0.272599     1.60073    0.251261    0.879239   -0.852072     1.66125     1.53093    0.806576    -3.60929    0.756509           1
     1.3457   -0.487722       1.016   -0.272599     1.60073   -0.188959     1.11749   -0.894095     1.66125     1.53093    0.806576    -3.80851     1.93397           1
    1.17125   -0.487722       1.016   -0.272599     1.60073    -0.49811    0.687212   -0.938589     1.66125     1.53093    0.806576    -3.15471     2.99508           1
   0.672301   -0.487722       1.016   -0.272599     1.60073   -0.936905    0.900575   -0.940205     1.66125     1.53093    0.806576    0.441052     1.43355           1
    2.14564   -0.487722       1.016   -0.272599     1.60073   -0.664795    0.847234   -0.916912     1.66125     1.53093    0.806576    0.381296     1.32561           1
   0.711117   -0.487722       1.016   -0.272599     1.60073    0.172905     1.01792   -0.822361     1.66125     1.53093    0.806576    0.321102    0.962565           1
   0.238896   -0.487722       1.016   -0.272599     1.60073  -0.0935066     1.11749   -0.851026     1.66125     1.53093    0.806576    0.427785    0.551855           1
   0.739321   -0.487722       1.016   -0.272599     1.60073    0.285453     1.11749   -0.863576     1.66125     1.53093    0.806576    0.329544    0.868648           1
    1.06933   -0.487722       1.016   -0.272599     1.60073   -0.613507    0.996589   -0.902936     1.66125     1.53093    0.806576    -1.27355     1.56111           1
   0.821394   -0.487722       1.016   -0.272599     1.60073    0.248411     0.93258    -0.85906     1.66125     1.53093    0.806576    -3.43858     1.58774           1
   0.311246   -0.487722       1.016   -0.272599     1.60073   0.0803018    0.989476   -0.819081     1.66125     1.53093    0.806576   -0.423926    0.720064           1
   0.734469   -0.487722       1.016   -0.272599     1.60073  -0.0479175    0.996589   -0.759185     1.66125     1.53093    0.806576    0.349171    0.530829           1
   0.665139   -0.487722       1.016   -0.272599     1.36749   -0.141945     1.07127   -0.728951     1.66125     1.53093    0.806576    0.441052    0.767723           1
   0.455309   -0.487722       1.016   -0.272599     1.36749    0.188576     1.05704   -0.765365     1.66125     1.53093    0.806576   -0.575234    0.933128           1
   0.361245   -0.487722       1.016   -0.272599     1.36749    0.661562    0.854346   -0.699478     1.66125     1.53093    0.806576    -3.90719    0.671003           1
   0.212686   -0.487722       1.016   -0.272599     1.36749    0.527645     1.05349   -0.684457     1.66125     1.53093    0.806576   -0.015175    0.711653           1
   0.171842   -0.487722       1.016   -0.272599     1.36749   0.0176168    0.825898   -0.678277     1.66125     1.53093    0.806576    0.311563    0.647173           1
   0.539339   -0.487722       1.016   -0.272599     1.36749     1.57904      1.0926   -0.638108     1.66125     1.53093    0.806576    0.210471    0.572881           1
   0.686614   -0.487722       1.016   -0.272599     1.36749    0.631645    0.907687   -0.617477     1.66125     1.53093    0.806576    -3.83746    0.849024           1
   0.132531   -0.487722       1.016   -0.272599     1.36749    0.342439    0.637427   -0.646142     1.66125     1.53093    0.806576     -3.3524    0.767723           1
   0.122809   -0.487722       1.016   -0.272599     1.36749   -0.439699    0.687212   -0.577309     1.66125     1.53093    0.806576     -3.7958    0.891076           1
   0.533811   -0.487722       1.016   -0.272599     1.36749   -0.496685    0.416951     -0.4829     1.66125     1.53093    0.806576    -3.87233    0.600916           1
   0.481635   -0.487722       1.016   -0.272599     1.36749   0.0233154    0.537857   -0.481046     1.66125     1.53093    0.806576   -0.926094    0.501393           1
   0.370957   -0.487722       1.016   -0.272599     1.36749   -0.290109     0.56275   -0.512231     1.66125     1.53093    0.806576    0.441052    0.286927           1
   0.139486   -0.487722       1.016   -0.272599     1.36749    0.593179    0.761889   -0.569275     1.66125     1.53093    0.806576    -1.11227    0.528026           1
 0.00926173   -0.487722       1.016   -0.272599     1.36749    0.130165    0.704992   -0.583726     1.66125     1.53093    0.806576    0.381077    0.279918           1
   0.353937   -0.487722       1.016   -0.272599     1.36749     0.04611    0.512965   -0.504197     1.66125     1.53093    0.806576    0.441052    0.187403           1
   0.256909   -0.487722       1.016   -0.272599     1.36749    0.325343    0.758333   -0.472252     1.66125     1.53093    0.806576    0.407282    -0.33124           1
    0.49177   -0.487722       1.016   -0.272599    0.866467   -0.107753   -0.112901   -0.395337     1.66125     1.53093    0.806576    0.441052   0.0794697           1
 -0.0523591   -0.487722       1.016   -0.272599    0.866467    -0.74885   -0.724543   -0.346327     1.66125     1.53093    0.806576    -0.24422    0.207028           1
  0.0187892   -0.487722       1.016   -0.272599    0.866467    -0.47389    0.573418   -0.439024     1.66125     1.53093    0.806576    -3.66938    0.630353           1
  0.0941176   -0.487722       1.016   -0.272599    0.253146   -0.401233    0.921911   -0.596466     1.66125     1.53093    0.806576    -0.27832     1.21488           1
    1.39208   -0.487722       1.016   -0.272599    0.218592   -0.510932   0.0862379   -0.421483     1.66125     1.53093    0.806576    0.132296    0.767723           1
    1.10107   -0.487722       1.016   -0.272599    0.218592   -0.814384   -0.422278   -0.461746     1.66125     1.53093    0.806576    0.441052    0.295337           1
  0.0855653   -0.487722       1.016   -0.272599    0.218592   -0.167589    0.548525   -0.362061     1.66125     1.53093    0.806576    0.441052    0.509803           1
  0.0494454   -0.487722       1.016   -0.272599   -0.196047    -0.07926    0.786781   -0.330735     1.66125     1.53093    0.806576    0.423838   0.0304088           1
-0.00521859   -0.487722       1.016   -0.272599    0.218592    0.217069     0.22848   -0.427139     1.66125     1.53093    0.806576    0.402348    0.239268           1
   0.120256   -0.487722       1.016   -0.272599    0.512296    0.990659   -0.034668   -0.599984     1.66125     1.53093    0.806576    0.197424   -0.139201           1
   0.516961   -0.487722       1.016   -0.272599    0.253146    -1.22184    0.953916   -0.648994     1.66125     1.53093    0.806576  -0.0448884    0.769125           1
   0.323471   -0.487722       1.016   -0.272599    0.253146   -0.174712     1.02504   -0.755382     1.66125     1.53093    0.806576   -0.591133     1.60456           1
   0.146384   -0.487722       1.016   -0.272599    0.512296    0.284028    0.889907   -0.708178     1.66125     1.53093    0.806576    0.433487    0.844819           1
     1.3278   -0.487722       1.016   -0.272599    0.512296    -1.39707     1.02148   -0.805438     1.66125     1.53093    0.806576  -0.0788779      1.7181           1
    0.77033   -0.487722       1.016   -0.272599    0.512296   -0.141945     1.00014   -0.772257     1.66125     1.53093    0.806576    0.252465    0.753706           1
    1.24754   -0.487722       1.016   -0.272599    0.512296    -0.07926    0.690768   -0.876506     1.66125     1.53093    0.806576    0.292156   0.0640506           1
   0.257241   -0.487722       1.016   -0.272599   -0.196047  -0.0607394   -0.137794   -0.176287     1.66125     1.53093    0.806576    0.441052   -0.268161           1
   0.243762   -0.487722       1.016   -0.272599   -0.196047    0.662987    0.224924   -0.220259     1.66125     1.53093    0.806576    0.399058   -0.688683           1
   0.246436   -0.487722       1.016   -0.272599   -0.196047     1.10606    0.299601   -0.182752     1.66125     1.53093    0.806576     0.42329    -0.79101           1
 -0.0925334   -0.487722       1.016   -0.272599   -0.196047   -0.744576    -1.00547    0.144159     1.66125     1.53093    0.806576    0.397414   -0.313017           1
  -0.143716   -0.487722       1.016   -0.272599    0.244507   -0.589288   -0.948575  -0.0337715     1.66125     1.53093    0.806576    0.154115   0.0962905           1
 0.00699944   -0.487722       1.016   -0.272599    0.244507   0.0389867   -0.592969   0.0934848     1.66125     1.53093    0.806576    0.350267   -0.290589           1
    0.24185   -0.487722       1.016   -0.272599    0.244507   -0.243096    0.399171   -0.118435     1.66125     1.53093    0.806576    0.394782    0.326176           1
   0.142225   -0.487722       1.016   -0.272599    0.244507   -0.540849    -0.54674    -0.30554     1.66125     1.53093    0.806576    0.345881   -0.168638           1
  -0.402961   -0.487722     2.42257   -0.272599    0.469104    -1.18337    0.857902   -0.938447   -0.637962     1.79819     0.76034    0.421206    0.757911           1
  -0.399178   -0.487722     2.42257   -0.272599    0.469104    -1.24036     1.05704   -0.969583   -0.637962     1.79819     0.76034   -0.138414     1.58634           1
  -0.396375   -0.487722     2.42257   -0.272599    0.469104    -1.69767     1.04637   -0.937638   -0.637962     1.79819     0.76034   -0.419321     2.38673           1
  -0.408212   -0.487722     2.42257   -0.272599    0.469104   -0.429726     1.07482   -0.916009   -0.637962     1.79819     0.76034    0.366604    0.759313           1
  -0.407563   -0.487722     2.42257   -0.272599    0.469104   -0.429726    0.530745   -0.801065   -0.637962     1.79819     0.76034    0.441052   0.0976923           1
  -0.400349   -0.487722   -0.211099   -0.272599    0.261784   -0.822932   -0.518292   -0.671859   -0.408041   -0.102376    0.344213    0.441052  -0.0901406           1
  -0.387983   -0.487722   -0.211099   -0.272599    0.261784   -0.510932   -0.923682   -0.671859   -0.408041   -0.102376    0.344213    0.441052    0.131334           1
  -0.399688   -0.487722   -0.211099   -0.272599    0.261784   -0.875644    -1.41442   -0.473678   -0.408041   -0.102376    0.344213    0.401471    0.693431           1
  -0.386816   -0.487722   -0.211099   -0.272599    0.261784    -1.27455    0.153803   -0.473678   -0.408041   -0.102376    0.344213    0.441052     1.18965           1
  -0.389285   -0.487722   -0.211099   -0.272599    0.261784   -0.698987   0.0720137   -0.428946   -0.408041   -0.102376    0.344213    0.441052    0.202823           1
   -0.39269   -0.487722   -0.211099   -0.272599    0.261784   -0.378438   -0.116457   -0.658834   -0.408041   -0.102376    0.344213    0.441052   0.0374175           1
  -0.399823   -0.487722   -0.211099   -0.272599    0.261784    -1.01953    0.175139   -0.663208   -0.408041   -0.102376    0.344213    0.428662    0.342996           1
  -0.394406   -0.487722   -0.211099   -0.272599    0.261784   -0.367041    0.395615   -0.616479   -0.408041   -0.102376    0.344213    0.441052    0.235063           1
  -0.413229   -0.487722    0.115738   -0.272599    0.158124    0.439316   0.0186728   -0.625796   -0.982843   -0.803212     1.17647    0.387217   -0.418147           1
  -0.415249   -0.487722    0.115738   -0.272599    0.158124   -0.234548    0.288933   -0.716639   -0.982843   -0.803212     1.17647    0.441052    -0.50085           1
  -0.413447   -0.487722    0.115738   -0.272599    0.158124     0.98496    0.797449   -0.773684   -0.982843   -0.803212     1.17647    0.441052   -0.983048           1
  -0.407764   -0.487722    0.115738   -0.272599    0.158124    0.725672    0.736996   -0.668437   -0.982843   -0.803212     1.17647    0.403225   -0.865302           1
     -0.415   -0.487722    0.115738   -0.272599    0.158124   -0.362767    0.434732   -0.613246   -0.982843   -0.803212     1.17647    0.441052   -0.669058           1